10
				GO AWAY						RANDOM WALK 				REVERSE WORST

RS 				4.18879877672 8.3			4.06785056674 7.6			4.18241688335 8.1
RNDS			4.22105455172 8.5			4.13530059869 7.9			4.05397220469 7.9
HRHS			4.22105455172 8.5			4.22003056713 8.4			4.17502314705 8.3
FS				4.1860345877  8.3			4.18573053985 8.1			4.16301790569 8.0


30

				GO AWAY						RANDOM WALK 				REVERSE WORST

RS 				8.98865583785 13.4			8.52851010893 12.3			9.14670789309 13.6
RNDS			9.29011703365 13.7			8.78622380428 12.6			8.97441799954 13.1
HRHS			10.2740106706 15.7			9.38059026088 14.2			9.76124559478 14.7
FS				8.87768273462 13.2			9.64002036063 14.6			9.09535754743 13.4


50

				GO AWAY						RANDOM WALK 				REVERSE WORST

RS 				8.58493905799 12.5			9.29517173191 13.5			8.97898414419 13.3
RNDS			9.87703792313 14.7			9.12016218193 13.8			9.72479564501 14.6
HRHS			10.4233986243 15.8			10.8004067769 16.4			11.2449046312 17.0
FS				9.7484163938  14.1			9.04026783463 13.1			8.83785107453 12.8


70

				GO AWAY						RANDOM WALK 				REVERSE WORST

RS 				10.5431372239 14.7			11.0121942069 15.5			11.4047571955 16.0
RNDS			9.98810033281 13.9			11.3114862481 15.7			10.6614933227 14.9
HRHS			12.11395115   16.7			13.1703447453 19.2			13.2625127637 19.2
FS				10.994641486  15.4			10.777100122  15.0			11.1247123808 15.9


90

				GO AWAY						RANDOM WALK 				REVERSE WORST

RS 				10.3778393842 14.4			10.7753269136 15.0			11.0663936201 15.1
RNDS			10.5107699808 14.6			10.9284711031 15.3			10.6885461243 14.8
HRHS			12.3118024018 17.1			12.6910496567 18.1			12.0299334434 16.9
FS				10.5835346995 14.7			11.6114933728 16.2			10.8541111273 15.2
