ROLETA E RANDOM WALK 540 RS
4.45452437782 9.2
10.5886423552 18.9
14.815250305 24.9
16.3420771435 25.8
18.0634917379 26.3

ROLETA E RANDOM WALK 540 RNDS
4.39535609145 9.2
11.0774576019 19.7
14.8420103478 24.4
16.9972665563 25.9
18.4994729324 27.4

ROLETA E RANDOM WALK 540 HRHS
4.47679891071 9.5
11.7856414858 21.7
18.7942639047 31.6
20.6718833792 32.9
24.284315522 38.1

ROLETA E RANDOM WALK 540 FS
4.42465583325 9.1
10.2152797512 18.4
14.9708637578 24.4
18.00699217 28.4
17.121803243 25.2

ROLETA ADAPTATIVO RS
4.49831508199 9.2
11.5071895985 19.3
14.4458280764 24.8
16.2115879136 27.4
18.9365665606 30.3

ROLETA ADAPTATIVO RNDS
4.50396614174 9.4
12.4988974175 21.4
14.432507268 25.4
16.8254803031 27.5
19.6600509398 31.4

ROLETA ADAPTATIVO HRHS
4.51162835758 9.6
13.1545278816 22.4
18.1990795868 32.6
22.0953535952 39.3
24.8606352294 41.9

ROLETA ADAPTATIVO FS
4.49527736861 9.2
12.3214936641 21.4
15.4832860015 27.4
17.4661906414 29.1
18.1081309721 28.4

ROLETA 540 RS
4.40910949264 9.3
11.1948980854 20.3
15.3232375617 25.2
16.6217969547 26.5
17.9914497252 26.5

ROLETA 540 RNDS
4.47553991368 9.4
10.8441313418 19.5
15.5723136681 25.9
16.6548687908 26.8
17.1096079631 25.6

ROLETA 540 HRHS
4.49219460981 9.6
11.6967270912 22.0
16.1365514585 25.9
20.4037205778 33.7
23.3780545303 35.4

ROLETA 540 FS
4.41305672454 9.2
11.1401823733 20.0
14.7018299719 24.4
17.0149405339 27.0
17.3767406443 25.6

FS_artigo_adaptativo
4.4800638439 9.4
12.5921156775 22.2
15.2307817213 26.5
17.3755331381 28.9
19.717549923 32.9

HRHS_artigo_1000
4.64096996962 9.5
13.5620442096 24.5
18.9807554411 32.6
22.791809345 38.1
28.6861351653 47.9

FS_artigo_1000
4.67244889425 9.3
12.1242987851 21.2
16.113692178 26.9
17.5894536668 28.9
19.9741060777 31.2

RNDS_artigo_540
4.45543690419 9.4
10.6010545387 19.5
14.9607624126 25.1
18.30613508 28.7
18.492588419 27.3

FS_artigo_540
4.45636206417 9.3
11.343096465 20.6
15.1842164301 25.3
16.3547513519 26.8
20.1494655339 30.4

RNDS_randomwalk_540
4.45121325837 9.1
10.7686278598 19.5
15.5576882801 25.4
16.9614030779 27.2
18.7894339184 28.1

FS_randomwalk_540
4.40345600772 9.1
11.0265038979 20.4
15.6697352967 25.7
18.2864404151 29.5
18.5283949728 27.4

RNDS_randomwalk_adaptativo
4.46630278366 9.2
12.2582432995 21.0
15.0230133588 26.7
19.4178316975 33.4
18.2098863304 29.4

FS_randomwalk_adaptativo
4.46422662755 9.2
12.629607865 21.6
16.2164144987 29.0
17.2661538568 29.5
18.6773561634 30.4

RNDS_randomwalk_roleta_adaptativo
4.5042722312 9.5
11.9933317796 20.2
14.5399875323 25.5
16.984602066 28.6
18.0500812216 29.3

RS_artigo_1000
4.65379072634 9.5
12.2990191569 21.9
16.0127781579 26.0
18.077724156 29.3
20.4053803272 32.5

RNDS_artigo_1000
4.66800758425 9.7
12.1749970699 21.8
16.353740474 26.9
16.9515384438 27.3
19.1648257057 29.4

RS_artigo_adaptativo
4.48754678948 9.2
12.3835320851 21.1
15.776070335 27.8
17.0908561431 29.8
18.7367743292 30.3

RNDS_artigo_adaptativo
4.48503041965 9.5
12.4908026045 21.8
15.9915599877 28.5
17.4440598276 29.5
19.7046141484 31.4

HRHS_artigo_adaptativo
4.51288993061 9.6
13.5849481066 23.8
19.1524927162 35.6
23.8075196512 41.1
28.9072853565 48.7

RS_artigo_540
4.46401870757 9.4
10.6990842146 19.6
15.367272099 25.7
16.6946427288 26.7
18.9705427234 27.9

HRHS_artigo_540
4.33480791451 9.0
12.4154036824 23.7
18.3346108018 31.1
21.1244281404 33.3
24.7355321772 38.0

RS_randomwalk_540
4.41741510313 9.2
10.3140038354 18.3
14.7981311424 24.8
16.7267578129 26.6
18.2238261612 26.8

HRHS_randomwalk_540
4.43414268369 9.3
12.4316134762 24.1
18.2584844445 31.5
21.9984409745 35.3
24.6808375699 38.4

RS_randomwalk_adaptativo
4.47109122285 9.2
12.7242792535 22.1
15.1428560966 26.4
17.0437657036 29.0
19.7493605284 31.6

HRHS_randomwalk_adaptativo
4.51661324695 9.5
13.2155242603 22.9
17.2694981108 30.0
25.2204748609 44.2
27.7628021513 46.6

RS_randomwalk_roleta_adaptativo
4.49433082028 9.4
11.9088695164 20.9
13.8192346174 24.2
17.5391156653 29.1
18.5825194488 29.8

HRHS_randomwalk_roleta_adaptativo
4.5013808572 9.4
13.4241619323 23.4
17.2523328857 29.6
23.815132704 41.0
25.170840863 41.0

FS_randomwalk_roleta_adaptativo
4.46046532792 9.0
11.9844106876 21.1
15.3721978528 26.6
18.3099767074 30.6
18.7613949189 30.0