ROLETA ADAPTATIVO RS
4.49831508199 9.2
11.5071895985 19.3
14.4458280764 24.8
16.2115879136 27.4
18.9365665606 30.3

ROLETA ADAPTATIVO RNDS
4.50396614174 9.4
12.4988974175 21.4
14.432507268 25.4
16.8254803031 27.5
19.6600509398 31.4

ROLETA ADAPTATIVO HRHS
4.51162835758 9.6
13.1545278816 22.4
18.1990795868 32.6
22.0953535952 39.3
24.8606352294 41.9

ROLETA ADAPTATIVO FS
4.49527736861 9.2
12.3214936641 21.4
15.4832860015 27.4
17.4661906414 29.1
18.1081309721 28.4

ROLETA 540 RS
4.40910949264 9.3
11.1948980854 20.3
15.3232375617 25.2
16.6217969547 26.5
17.9914497252 26.5

ROLETA 540 RNDS
4.47553991368 9.4
10.8441313418 19.5
15.5723136681 25.9
16.6548687908 26.8
17.1096079631 25.6

ROLETA 540 HRHS
4.49219460981 9.6
11.6967270912 22.0
16.1365514585 25.9
20.4037205778 33.7
23.3780545303 35.4

ROLETA 540 FS
4.41305672454 9.2
11.1401823733 20.0
14.7018299719 24.4
17.0149405339 27.0
17.3767406443 25.6

FS_artigo_adaptativo
4.4800638439 9.4
12.5921156775 22.2
15.2307817213 26.5
17.3755331381 28.9
19.717549923 32.9

HRHS_artigo_1000
4.64096996962 9.5
13.5620442096 24.5
18.9807554411 32.6
22.791809345 38.1
28.6861351653 47.9

FS_artigo_1000
4.67244889425 9.3
12.1242987851 21.2
16.113692178 26.9
17.5894536668 28.9
19.9741060777 31.2

RNDS_artigo_540
4.45543690419 9.4
10.6010545387 19.5
14.9607624126 25.1
18.30613508 28.7
18.492588419 27.3

FS_artigo_540
4.45636206417 9.3
11.343096465 20.6
15.1842164301 25.3
16.3547513519 26.8
20.1494655339 30.4

RNDS_randomwalk_540
4.45121325837 9.1
10.7686278598 19.5
15.5576882801 25.4
16.9614030779 27.2
18.7894339184 28.1

FS_randomwalk_540
4.40345600772 9.1
11.0265038979 20.4
15.6697352967 25.7
18.2864404151 29.5
18.5283949728 27.4

RNDS_randomwalk_adaptativo
4.46630278366 9.2
12.2582432995 21.0
15.0230133588 26.7
19.4178316975 33.4
18.2098863304 29.4

FS_randomwalk_adaptativo
4.46422662755 9.2
12.629607865 21.6
16.2164144987 29.0
17.2661538568 29.5
18.6773561634 30.4

RNDS_randomwalk_roleta_adaptativo
4.5042722312 9.5
11.9933317796 20.2
14.5399875323 25.5
16.984602066 28.6
18.0500812216 29.3