RS
4.74644500479
3.80359769659
5.89509674042
3.18143094554
4.58068078118
4.95225846159
4.76289279385
3.40192992863
3.31600188109
2.29784724072

media = 

RNDS
4.74644500479
3.80359769659
6.51508617797
3.18143094554
4.69443274641
4.95225846159
4.76289279385
3.40192992863
3.30576203514
2.34392046618

media = 

HRHS
4.74644500479
3.70091998756
6.51508617797
3.38869817824
4.84285982866
4.95225846159
4.8690559291
3.40192992863
3.31600188109
2.37461243058

media = 

FS
4.62549139406
3.70091998756
6.51508617797
2.94652182261
4.69443274641
4.95225846159
4.8690559291
3.28663941133
3.30576203514
2.34392046618

media = 