RS
13.366717834 19
10.4453024922 13
9.96547127915 14
9.69801955658 13
11.1826643379 17
11.3421951022 14
10.1453675015 14
10.4071082272 15
12.8868355551 18
11.2242543151 14

media =

RNDS
11.4896839478 16
10.9033289128 15
12.0421529987 16
8.55173741824 11
11.8518725415 18
9.54191285542 13
9.72070008705 13
9.50640278084 13
12.6916395575 20
10.5860301429 13

media =

HRHS
10.7113269792 14
12.9087058917 16
13.2405816018 20
9.22578715324 13
11.0141611509 17
13.7797831216 19
14.3304250935 19
12.9029809842 19
9.70429770454 15
12.4812847531 17

media =

FS
12.5720267131 17
11.3006214004 14
9.55697130587 15
10.139068985 13
12.1825499372 19
11.5716723434 15
13.5437931401 19
9.53685397199 13
8.22460703153 15
9.9129464442 12

media =
