RS
10.4527534697 14
12.8073714626 20
12.6958371248 16
12.3999197719 19
9.00022051577 12
10.4549449701 18
12.4653152109 16
11.2352066642 15
12.5053688553 17
10.03063391 13

media =

RNDS
9.6807923278 12
8.41909808723 15
11.7121903123 15
12.7984995211 19
8.795958035 11
9.95220384018 16
11.2224183079 15
13.5872233913 19
9.46035547455 13
10.9861939292 14

media =

HRHS
16.0678007788 25
10.3950076526 18
18.4209787148 24
13.1984751456 18
9.84286487846 13
14.1609342688 24
13.7412298392 18
12.9365201345 17
10.8766175324 16
12.9846986916 19

media =

FS
12.9028416152 17
9.97327135129 16
11.7985289382 16
11.4737235769 17
11.0355076979 16
8.41438556419 14
14.2172524875 21
9.66024888609 13
11.3735911031 15
10.3977725872 14

media =
