RS
8.76995443265 13
9.128183596 14
9.0991374931 13
12.5242440894 18
8.79186920291 15
10.0005193934 13
8.76503379927 13
8.70516322566 15
6.95214503176 9
8.73082866671 13


media =

RNDS
8.2889557212 12
8.99472709526 14
8.40005174677 12
11.5202752431 16
8.93562377362 15
10.700733586 13
10.0567846786 15
7.73768419545 12
7.61449203113 11
7.49485192427 11

media =

HRHS
8.332394457 12
11.2478837969 18
9.11478777445 13
11.7931753948 17
8.0811782466 12
11.939233293 16
10.4446901375 15
7.54907727287 13
7.97003807047 12
11.1399975042 19

media =

FS
9.12579003472 15
10.5793129189 16
8.27098108597 12
11.412434456 16
8.27414606292 14
10.8704686955 14
8.50078549133 12
9.09105960585 15
6.85431846307 9
7.97427866003 11

media =
