RS
9.23848321751 13
8.59006690596 11
9.60766326718 15
7.61641354848 13
7.8606413486 13
9.21567542669 14
9.1408953246 14
9.39755132794 15
10.3978510355 13
8.72460003939 12

media =

RNDS
10.6372005884 15
7.44434399491 10
11.0532231935 17
7.17966328424 13
9.19005230408 16
10.6413939174 16
10.7987652157 16
10.4094742434 16
9.12505997023 13
10.7687797382 14

media =

HRHS
13.4220393408 20
10.6811661364 15
8.93602435292 10
11.8243563977 21
9.27694338934 16
13.3072749328 21
11.5255141004 19
10.2822872845 16
10.4503044176 13
12.7431359591 19

media =

FS
6.86169592836 9
7.21723459661 9
9.39877930043 13
5.92397780616 10
9.92704114432 16
9.19351348022 13
10.1555827904 16
8.90002229586 14
10.2682274575 14
10.5324359454 14

media =
