RS
13.081714287 19
11.5397955798 17
10.0390459588 14
13.0100536736 19
9.54689131955 13
12.4555227331 17
9.45823027284 13
11.6555289329 18
11.7720718284 15

media =

RNDS
11.0776081187 15
14.3260956104 19
9.78529010541 12
9.56949869358 13
11.7761443782 18
10.2801039929 13
10.8731282222 15
10.794202213 16
9.58592398585 16
10.708269906 14

media =

HRHS
10.5947411325 15
13.9902912619 18
9.64897453369 13
13.2092155772 18
14.3802981836 23
12.3650507037 18
13.188399301 18
11.9040011522 16
14.8196291952 21
4.54367236616 6

media =

FS
14.4488384227 19
13.002930257 16
10.9124434391 15
9.69713912035 13
9.77296594272 15
11.130877474 15
9.07839764539 12
11.0279711493 15
12.7819736189 20
11.8569762591 16

media =
