RS
10.7344442354 15
7.57039613919 12
12.0305847112 15
10.8520168612 16
10.7186335087 14
10.007216032 16
10.3387928562 13
10.4548275439 14
9.6775486354 12
7.39495417791 10

media =

RNDS
10.2297052149 12
9.75914835599 15
13.404683893 17
10.3147157661 15
8.40669470671 11
12.5636831163 21
10.5215493058 13
12.6480275484 18
9.90295602581 12
9.27641950525 13

media =

HRHS
13.7329906335 18
13.1005955189 20
11.2353706697 14
14.2789275624 25
11.0884361962 14
11.3968113978 15
12.7265878469 18
10.5196330872 13
15.0927835527 23
9.4415052071 11

media =

FS
9.54207557983 12
12.8824271259 20
13.2059725376 17
12.2331952955 18
8.34737249166 12
11.3682629726 18
12.697175224 17
10.0801186674 13
9.67538208499 12
11.7437804103 18

media =
