RS
11.1509259891 18
8.58427953512 11
9.43582590778 13
6.75400072352 12
9.50840714736 16
9.88547925679 13
8.80347638674 13
7.95086278666 12
9.38250375878 12
9.58638509778 14

media = 

RNDS
11.6928403012 17
7.64914612633 10
10.1308269615 14
9.00809762944 15
8.26698780626 12
8.82418693198 13
11.5898740137 17
9.51645979214 15
8.76344016349 12
9.66856787773 14

media = 

HRHS
11.1505192935 17
14.1344380775 24
10.3677911275 15
11.0262767555 19
8.83139453759 13
8.9171567487 14
8.64606642188 13
10.302744285 17
10.3999279554 13
9.72207997335 13

media = 

FS
9.865814602 15
9.68882202891 13
9.23344692753 14
8.10596636099 14
8.90255234604 14
9.7977671926 14
10.5325229566 16
9.93571513419 15
10.5524284119 14
10.1289915699 14

media = 