RS
4.62549139406 8
3.70091998756 7
6.51508617797 8
3.15378905531 8
4.69443274641 8
4.95225846159 8
4.8690559291 9
3.28663941133 7
3.30576203514 8
2.37461243058 8

media =

RNDS
4.74644500479 9
3.70091998756 7
6.51508617797 8
3.38869817824 9
4.69443274641 8
4.95225846159 8
4.8690559291 9
3.40192992863 8
3.30576203514 8
2.34392046618 7

media =

HRHS
4.74644500479 9
3.5402948553 6
6.51508617797 8
3.38869817824 9
4.58068078118 8
4.95225846159 8
4.76289279385 8
3.40192992863 8
3.31600188109 9
2.37461243058 8

media =

FS
4.11262112037 7
3.80359769659 8
6.51508617797 8
3.38869817824 9
4.43225369892 7
4.59232436148 7
4.76289279385 8
3.40192992863 8
3.30576203514 8
2.0560199272 6

media =
