RS
8.80033517974 13
9.78543513701 16
9.34677003173 13
8.28514984271 11
6.03582437482 10
8.66781603191 11
9.4713608184 13
7.60662352343 12
5.78746603859 8
7.87947879182 12

media = 

RNDS
8.51881756076 14
10.0373729079 16
9.90237209546 14
11.9192919292 17
7.32165905688 12
7.22059222735 9
7.5059384574 11
8.3630021834 14
8.93534916941 14
7.81624509314 12

media = 

HRHS
7.75944131 11
11.1794584682 18
9.25482603981 13
11.5718608614 17
6.5838675742 10
12.1075879385 16
10.9108498906 16
6.99822752531 12
9.61436847014 17
10.7481179557 19

media = 

FS
9.58882158825 15
10.2482253618 16
8.63709839271 12
10.7141710167 15
8.04165113882 13
10.2125803655 13
9.07221707737 12
7.98033492415 14
7.46914651774 11
10.2636312565 16

 media = 