RS
8.55512137558 12
9.63562140284 15
9.34677003173 13
10.055452406 14
8.83886073647 16
11.3319532938 14
9.62602203172 14
6.8749129618 11
8.59188845933 13
8.13347307335 12

media =

RNDS
8.79314152267 14
9.4482586958 15
8.55412132208 12
10.0996298063 14
8.13912241126 14
11.7905383671 15
10.2236116261 15
7.85326251393 14
8.59788923554 13
8.07981114967 12

media =

HRHS
9.58882158825 15
10.4430299145 17
9.90412434325 15
11.962662499 17
6.74230926105 10
9.39245532573 11
11.5052239144 17
6.59668308226 11
8.18938346222 12
9.16023171933 14

media =

FS
8.55512137558 12
9.58706771119 15
9.33618413903 13
9.34511119815 14
8.96950356154 15
8.84010287328 10
9.60152019915 14
6.89407801305 11
7.87249312545 11
8.13347307335 12

media =
