RS
4.74644500479 9
3.80359769659 8
6.51508617797 8
3.38869817824 9
4.84285982866 9
4.95225846159 8
4.8690559291 9
3.28663941133 7
3.31600188109 9
2.34392046618 7

media =

RNDS
4.62549139406 8
3.80359769659 8
6.51508617797 8
3.38869817824 9
4.69443274641 8
4.95225846159 8
4.8690559291 9
3.40192992863 8
3.30576203514 8
2.37461243058 8

media =

HRHS
4.62549139406 8
3.80359769659 8
6.51508617797 8
3.38869817824 9
4.84285982866 9
4.95225846159 8
4.8690559291 9
3.40192992863 8
3.31600188109 9
2.37461243058 8

media =

FS
4.62549139406 8
3.80359769659 8
6.51508617797 8
3.05642961222 7
4.43225369892 7
4.95225846159 8
4.40874188236 7
3.40192992863 8
3.31600188109 9
2.34392046618 7

media =
