RS
10.1440614215 13
9.47194114621 12
9.14221221014 11
10.1211843346 15
9.81388696122 15
10.310643505 14
8.8160944562 12
10.3730905953 15
9.33133999994 14
10.3492970227 14

media =

RNDS
10.3325216577 13
11.2865052859 14
6.59883310466 9
6.6909630511 8
9.795497102 15
12.0064686667 17
10.1782906328 14
9.78018575477 14
11.1362916256 17
10.2981438004 15

media =

HRHS
14.2784929543 18
13.776584733 18
11.7253433956 16
11.4058240507 16
10.6903296712 17
15.0816212847 24
10.8632318504 15
15.2056453695 21
13.73369517 22
9.88634748933 14

media =

FS
11.8142311676 16
12.1672770881 15
10.6928359451 14
11.6663490742 16
9.1019710694 15
10.5033223152 14
8.59506409805 13
9.00622858681 13
10.4397138741 17
10.6587597191 15

media =
