RS
9.36647647336 13
8.60516445645 13
9.27831745429 12
11.8859136154 18
8.52756299172 12
9.84338518794 16
10.9880887802 14
11.8114469998 15
8.16580058646 10
8.93511801358 14

media =

RNDS
9.6178255038 13
10.3076026074 18
10.2178938092 13
10.1182147068 15
12.0803149146 16
14.1788673202 22
9.26536419556 11
13.7361575766 20
13.2668796369 18
9.52720843969 13

media =

HRHS
13.4223929439 17
11.137518386 18
16.2158859927 23
14.7466857641 21
10.0763238265 14
13.4135615697 19
10.1122623953 13
12.403652107 20
11.8220410376 16
11.7269544701 16

media =

FS
8.15192514496 11
8.78033704839 14
11.1088684108 15
11.7657026038 17
8.45593262237 11
10.1404009642 15
8.77058664715 11
12.7444058438 17
10.0649071522 13
9.25610511278 14

media =
