RS
9.02586729164 12
9.80836304208 13
9.32110956444 13
6.19320081292 11
10.3407302815 16
9.78035188126 14
10.3466946693 16
7.83627709675 13
9.96737655663 15
10.4537924706 14

media =

RNDS
9.7489059784 14
10.2650405862 14
9.53463108908 14
7.7606317397 12
7.26567718793 11
10.3602186101 14
8.14013811254 12
9.41749128764 16
9.70947593646 13
13.6369509862 19

media =

HRHS
12.0818280813 17
11.6792146079 19
10.2199944623 15
6.18072557845 14
9.04472796551 14
10.3554851235 14
8.66563742335 12
10.9594103011 17
9.80059407369 12
10.7687797382 14

media =

FS
11.2824671368 16
8.57060911212 11
9.55979819377 14
7.51705341002 12
7.9336106896 12
8.85926388503 13
8.87661511322 13
9.83547012867 16
9.21649567785 12
10.5929913577 15

media =
