RS
8.56969310468 11
12.6851804061 21
13.0479861626 17
10.4095438441 16
10.9859740967 16
10.6524946469 17
11.0031292444 14
12.6259491768 16
12.1175958195 17
8.02439556723 10

media =

RNDS
10.3467396685 14
12.1427492287 19
13.2363082416 17
10.9610794303 17
11.8570013922 16
8.90250032989 15
12.8699018174 17
12.4912351589 16
9.87567014749 12
10.4316770663 14

media =

HRHS
16.5619142591 24
14.509256049 25
11.7787311962 16
12.2126495882 18
14.549763574 21
13.5420428113 22
15.4311043263 22
11.0277730648 13
10.5889694472 14
11.5012431371 17

media =

FS
9.55671652056 11
9.72459069609 17
12.3276039324 17
11.3888223179 16
9.70440781099 13
10.3859322211 17
11.5968349877 15
11.7735950348 16
10.4064408178 14
10.906056881 14

media =
