RS
7.30143023504 10
8.64470251668 13
9.90237209546 14
9.85354900252 14
7.39758615422 12
11.2375939209 14
8.38373784832 12
7.42594130711 12
7.00471493571 10
8.13347307335 12

media =

RNDS
8.55512137558 12
9.9744148665 15
9.19270045643 13
10.1092188565 14
6.69730208552 11
10.3590768937 12
10.2217915227 15
8.15765186874 13
7.68849190948 11
6.9064682077 10

media =

HRHS
8.28106185969 13
10.0947764486 16
9.19270045643 13
9.88567907394 14
8.04165113882 13
11.1402306213 14
10.9053772568 16
6.80823706157 11
8.65440881222 13
10.8017798794 19

media =

FS
8.55512137558 12
9.00798671322 14
8.63709839271 12
10.0365139139 14
9.19472599916 16
11.475693227 15
11.8492828115 18
9.12964850454 16
9.43624072215 15
9.07789194658 14

media =
