RS
12.8495391382 17
9.91707557804 12
10.9094897512 14
12.102118285 17
10.9116393236 17
10.6772573591 15
9.6642571465 14
10.3389919876 15
9.73982433463 15
10.6430762324 14

media =

RNDS
9.84292815813 13
10.4744160829 13
10.68015215 14
12.1209918235 17
12.8324977882 19
10.0510651394 15
12.2755769447 16
10.4975115723 16
10.1523922821 16
10.3571790896 14

media =

HRHS
8.2230654165 11
11.7828447982 17
13.7417350704 21
12.8054845441 18
12.4300805049 19
13.4536089892 19
13.8900181904 21
13.2684993296 18
14.3758019515 21
12.9393577725 16

media =

FS
11.4670400248 15
13.4687496388 17
10.0523273662 13
9.01175511687 12
12.4807642058 20
11.4576224152 16
11.6907110816 16
11.1943244299 15
12.7972389327 21
12.4944005157 17

media =
