RS
11.4387771598 17
10.6577075633 15
9.3364017424 13
5.76453725808 9
7.38112176528 11
9.02392990554 14
10.0057843963 16
9.93454816548 15
8.17660258247 10
11.2323067805 15

media =

RNDS
13.228586774 20
7.2597235528 9
10.0082064293 15
7.78322567692 14
8.14775205642 13
9.04325938929 13
8.10274551865 15
7.25968093169 11
9.91304886731 13
10.4553926229 15

media =

HRHS
15.1667075614 21
12.7327415898 20
11.2382458494 16
9.89544617202 19
10.4124069705 18
9.38544141371 12
9.56990478799 15
8.06008749289 14
11.4024572296 15
10.1406287016 14

media =

FS
10.3399277302 15
9.12492616153 13
9.77297902841 12
6.61919845891 12
8.68818323258 13
10.4453047098 15
9.64068513882 15
7.61375003622 12
8.61036329788 11
9.54736055193 13

media =
