RS
11.4816123753 15
12.8732093668 16
11.3603721036 15
10.0294957277 13
10.5386432985 16
7.74220059652 10
9.03455240326 15
10.6328407771 15
10.1970983111 16
9.88836888237 13

media =

RNDS
11.0600809517 14
11.3361792458 14
10.570592857 14
9.83591679391 13
10.4347609088 17
9.97346415914 13
10.6404224832 14
10.9728122075 17
10.2600659946 17
10.0234042066 13

media =

HRHS
11.4144264522 14
11.1027033357 14
13.1032106779 18
9.02479711367 12
12.96955729 19
14.435292621 21
14.4623966142 20
12.6664714103 19
14.5904090711 22
9.34875943239 12

media =

FS
10.3157710609 13
12.2941612409 15
9.664587891 13
10.8023727882 15
10.9202179801 18
11.0750083554 15
9.64499469909 15
9.3868720888 13
11.135914386 16
10.5954465044 14

media =
