RS
9.03286329191 11
10.2445763849 16
11.1906048795 15
11.1612837056 15
9.86437347949 14
9.49226477616 14
12.6226042534 18
10.8461775429 15
10.4205982679 14
10.5560256577 15

media =

RNDS
8.70503325907 11
8.95710912986 13
10.9680819147 15
9.43521973903 14
9.11083035282 13
8.20786437643 13
12.2602311273 16
10.655868714 15
9.81713996543 13
11.7636247495 16

media =

HRHS
10.1897290845 12
9.47149607901 16
14.0880016879 19
13.0313528285 21
11.3742786331 14
12.9064932851 20
14.0213222492 19
12.5477084387 16
14.127269581 18
9.38185963325 12

media =

FS
9.78592537706 13
10.7639730141 17
12.6957214236 17
11.8094247815 18
8.94388760028 12
12.4109872303 19
12.9043353316 18
11.8926888471 15
8.51337788651 11
10.2260933676 14

media =
