RS
4.74644500479 9
3.80359769659 8
6.51508617797 8
3.18143094554 8
4.84285982866 9
4.95225846159 8
4.8690559291 9
3.28663941133 7
3.31600188109 9
2.37461243058 8

media =

RNDS
4.74644500479 9
3.80359769659 8
6.51508617797 8
3.38869817824 9
4.84285982866 9
4.95225846159 8
4.8690559291 9
3.40192992863 8
3.31600188109 9
2.37461243058 8

media =

HRHS
4.74644500479 9
3.80359769659 8
6.51508617797 8
3.38869817824 9
4.84285982866 9
4.95225846159 8
4.8690559291 9
3.40192992863 8
3.31600188109 9
2.37461243058 8

media =

FS
4.74644500479 9
3.80359769659 8
6.51508617797 8
3.15378905531 8
4.84285982866 9
4.95225846159 8
4.8690559291 9
3.28663941133 7
3.31600188109 9
2.37461243058 8

media =
