RS
8.55512137558 12
10.4572860553 16
8.56068793083 13
11.3207522395 17
8.49765091469 15
11.2355324195 14
7.64712063714 11
6.57201498391 10
7.46914651774 11
9.57124530433 15

media =

RNDS
9.3436077841 14
9.70054907908 15
9.34677003173 13
10.7141710167 15
6.77322918286 11
12.6625491705 16
9.42809034857 14
7.52533945676 12
8.25406002118 13
9.15280424507 14

media =

HRHS
9.97819956043 17
10.6089297703 17
9.90237209546 14
12.7413976763 19
8.79439548549 15
12.4921390573 15
10.3723513675 15
8.88570929119 14
7.82461489755 12
11.1399975042 19

media =

FS
8.55512137558 12
9.40855305173 15
7.83386379035 11
10.915323083 15
7.6811149884 14
10.5776440895 13
10.2217915227 15
7.52533945676 12
7.27407119539 11
8.78400479278 14

media =
