RS
9.34889101414 14
8.54410723962 11
9.84910181446 14
6.20033254076 9
7.52346675597 12
9.43692651229 15
8.7629198863 13
7.7071459012 13
8.61036329788 11
9.86613561728 13

media =

RNDS
10.3694340072 15
9.39812313585 13
10.4118163035 14
5.9848008136 11
9.06954447886 16
10.7038364838 16
11.5165352856 16
9.99647669385 16
10.312276371 15
11.007535658 15

media =

HRHS
11.0822443985 16
9.52665122484 13
11.9401742903 19
10.1940237232 17
9.04557937266 14
11.1464583471 19
8.083113518 12
11.5949966896 18
10.7848578977 14
10.8358867811 16

media =

FS
11.8303176538 16
9.34824050098 13
9.7652128655 14
7.16918740726 13
9.49140845193 16
8.61334454089 11
10.0199326647 15
9.98988917735 15
10.6222208627 14
10.6344098129 14

media =
